0000A320 20
00000000 20
01010000 20
00000000 20
0000A020 20
00000000 20
01000000 20
00000004 20
0000A020 21
00000000 21
01000000 21
00000004 21
0000A021 20
00000001 20
00000000 20
00000004 20
0000A021 21
00000001 21
00000000 21
00000004 21
0000A022 20
00000100 20
00000000 20
00000004 20
0000A022 21
00000100 21
00000000 21
00000004 21
0000A023 20
00010000 20
00000000 20
00000004 20
0000A023 21
00010000 21
00000000 21
00000004 21
0000A040 20
00000000 20
02000000 20
00000004 20
0000A040 21
00000000 21
02000000 21
00000004 21
0000A041 20
00000002 20
00000000 20
00000004 20
0000A041 21
00000002 21
00000000 21
00000004 21
0000A042 20
00000200 20
00000000 20
00000004 20
0000A042 21
00000200 21
00000000 21
00000004 21
0000A043 20
00020000 20
00000000 20
00000004 20
0000A043 21
00020000 21
00000000 21
00000004 21
0000A060 20
00000000 20
04000000 20
00000004 20
0000A060 21
00000000 21
04000000 21
00000004 21
0000A061 20
00000004 20
00000000 20
00000004 20
0000A061 21
00000004 21
00000000 21
00000004 21
0000A062 20
00000400 20
00000000 20
00000004 20
0000A062 21
00000400 21
00000000 21
00000004 21
0000A063 20
00040000 20
00000000 20
00000004 20
0000A063 21
00040000 21
00000000 21
00000004 21
0000A080 20
00000000 20
08000000 20
00000004 20
0000A080 21
00000000 21
08000000 21
00000004 21
0000A081 20
00000008 20
00000000 20
00000004 20
0000A081 21
00000008 21
00000000 21
00000004 21
0000A082 20
00000800 20
00000000 20
00000004 20
0000A082 21
00000800 21
00000000 21
00000004 21
0000A083 20
00080000 20
00000000 20
00000004 20
0000A083 21
00080000 21
00000000 21
00000004 21
0000A0A0 20
00000000 20
10000000 20
00000004 20
0000A0A0 21
00000000 21
10000000 21
00000004 21
0000A0A1 20
00000010 20
00000000 20
00000004 20
0000A0A1 21
00000010 21
00000000 21
00000004 21
0000A0A2 20
00001000 20
00000000 20
00000004 20
0000A0A2 21
00001000 21
00000000 21
00000004 21
0000A0A3 20
00100000 20
00000000 20
00000004 20
0000A0A3 21
00100000 21
00000000 21
00000004 21
0000A0C0 20
00000000 20
20000000 20
00000004 20
0000A0C0 21
00000000 21
20000000 21
00000004 21
0000A0C1 20
00000020 20
00000000 20
00000004 20
0000A0C1 21
00000020 21
00000000 21
00000004 21
0000A0C2 20
00002000 20
00000000 20
00000004 20
0000A0C2 21
00002000 21
00000000 21
00000004 21
0000A0C3 20
00200000 20
00000000 20
00000004 20
0000A0C3 21
00200000 21
00000000 21
00000004 21
0000A0E0 20
00000000 20
40000000 20
00000004 20
0000A0E0 21
00000000 21
40000000 21
00000004 21
0000A0E1 20
00000040 20
00000000 20
00000004 20
0000A0E1 21
00000040 21
00000000 21
00000004 21
0000A0E2 20
00004000 20
00000000 20
00000004 20
0000A0E2 21
00004000 21
00000000 21
00000004 21
0000A0E3 20
00400000 20
00000000 20
00000004 20
0000A0E3 21
00400000 21
00000000 21
00000004 21
0000A100 20
00000000 20
80000000 20
00000004 20
0000A100 21
00000000 21
80000000 21
00000004 21
0000A101 20
00000080 20
00000000 20
00000004 20
0000A101 21
00000080 21
00000000 21
00000004 21
0000A102 20
00008000 20
00000000 20
00000004 20
0000A102 21
00008000 21
00000000 21
00000004 21
0000A103 20
00800000 20
00000000 20
00000004 20
0000A103 21
00800000 21
00000000 21
00000004 21
0000A120 20
00000000 20
01010000 20
0000000C 20
0000A120 21
00000000 21
01010000 21
0000000C 21
0000A121 20
00000001 20
00010000 20
0000000C 20
0000A121 21
00000001 21
00010000 21
0000000C 21
0000A122 20
00000100 20
00010000 20
0000000C 20
0000A122 21
00000100 21
00010000 21
0000000C 21
0000A123 20
00010000 20
00010000 20
0000000C 20
0000A123 21
00010000 21
00010000 21
0000000C 21
0000A140 20
00000000 20
02010000 20
0000000C 20
0000A140 21
00000000 21
02010000 21
0000000C 21
0000A141 20
00000002 20
00010000 20
0000000C 20
0000A141 21
00000002 21
00010000 21
0000000C 21
0000A142 20
00000200 20
00010000 20
0000000C 20
0000A142 21
00000200 21
00010000 21
0000000C 21
0000A143 20
00020000 20
00010000 20
0000000C 20
0000A143 21
00020000 21
00010000 21
0000000C 21
0000A160 20
00000000 20
04010000 20
0000000C 20
0000A160 21
00000000 21
04010000 21
0000000C 21
0000A161 20
00000004 20
00010000 20
0000000C 20
0000A161 21
00000004 21
00010000 21
0000000C 21
0000A162 20
00000400 20
00010000 20
0000000C 20
0000A162 21
00000400 21
00010000 21
0000000C 21
0000A163 20
00040000 20
00010000 20
0000000C 20
0000A163 21
00040000 21
00010000 21
0000000C 21
0000A180 20
00000000 20
08010000 20
0000000C 20
0000A180 21
00000000 21
08010000 21
0000000C 21
0000A181 20
00000008 20
00010000 20
0000000C 20
0000A181 21
00000008 21
00010000 21
0000000C 21
0000A182 20
00000800 20
00010000 20
0000000C 20
0000A182 21
00000800 21
00010000 21
0000000C 21
0000A183 20
00080000 20
00010000 20
0000000C 20
0000A183 21
00080000 21
00010000 21
0000000C 21
0000A1A0 20
00000000 20
10010000 20
0000000C 20
0000A1A0 21
00000000 21
10010000 21
0000000C 21
0000A1A1 20
00000010 20
00010000 20
0000000C 20
0000A1A1 21
00000010 21
00010000 21
0000000C 21
0000A1A2 20
00001000 20
00010000 20
0000000C 20
0000A1A2 21
00001000 21
00010000 21
0000000C 21
0000A1A3 20
00100000 20
00010000 20
0000000C 20
0000A1A3 21
00100000 21
00010000 21
0000000C 21
0000A1C0 20
00000000 20
20010000 20
0000000C 20
0000A1C0 21
00000000 21
20010000 21
0000000C 21
0000A1C1 20
00000020 20
00010000 20
0000000C 20
0000A1C1 21
00000020 21
00010000 21
0000000C 21
0000A1C2 20
00002000 20
00010000 20
0000000C 20
0000A1C2 21
00002000 21
00010000 21
0000000C 21
0000A1C3 20
00200000 20
00010000 20
0000000C 20
0000A1C3 21
00200000 21
00010000 21
0000000C 21
0000A1E0 20
00000000 20
40010000 20
0000000C 20
0000A1E0 21
00000000 21
40010000 21
0000000C 21
0000A1E1 20
00000040 20
00010000 20
0000000C 20
0000A1E1 21
00000040 21
00010000 21
0000000C 21
0000A1E2 20
00004000 20
00010000 20
0000000C 20
0000A1E2 21
00004000 21
00010000 21
0000000C 21
0000A1E3 20
00400000 20
00010000 20
0000000C 20
0000A1E3 21
00400000 21
00010000 21
0000000C 21
0000A200 20
00000000 20
80010000 20
0000000C 20
0000A200 21
00000000 21
80010000 21
0000000C 21
0000A201 20
00000080 20
00010000 20
0000000C 20
0000A201 21
00000080 21
00010000 21
0000000C 21
0000A202 20
00008000 20
00010000 20
0000000C 20
0000A202 21
00008000 21
00010000 21
0000000C 21
0000A203 20
00800000 20
00010000 20
0000000C 20
0000A203 21
00800000 21
00010000 21
0000000C 21
0000A220 20
00000000 20
01010000 20
00000014 20
0000A220 21
00000000 21
01010000 21
00000014 21
0000A221 20
00000001 20
00010000 20
00000014 20
0000A221 21
00000001 21
00010000 21
00000014 21
0000A222 20
00000100 20
00010000 20
00000014 20
0000A222 21
00000100 21
00010000 21
00000014 21
0000A223 20
00010000 20
00010000 20
00000014 20
0000A223 21
00010000 21
00010000 21
00000014 21
0000A240 20
00000000 20
02010000 20
00000014 20
0000A240 21
00000000 21
02010000 21
00000014 21
0000A241 20
00000002 20
00010000 20
00000014 20
0000A241 21
00000002 21
00010000 21
00000014 21
0000A242 20
00000200 20
00010000 20
00000014 20
0000A242 21
00000200 21
00010000 21
00000014 21
0000A243 20
00020000 20
00010000 20
00000014 20
0000A243 21
00020000 21
00010000 21
00000014 21
0000A260 20
00000000 20
04010000 20
00000014 20
0000A260 21
00000000 21
04010000 21
00000014 21
0000A261 20
00000004 20
00010000 20
00000014 20
0000A261 21
00000004 21
00010000 21
00000014 21
0000A262 20
00000400 20
00010000 20
00000014 20
0000A262 21
00000400 21
00010000 21
00000014 21
0000A263 20
00040000 20
00010000 20
00000014 20
0000A263 21
00040000 21
00010000 21
00000014 21
0000A280 20
00000000 20
08010000 20
00000014 20
0000A280 21
00000000 21
08010000 21
00000014 21
0000A281 20
00000008 20
00010000 20
00000014 20
0000A281 21
00000008 21
00010000 21
00000014 21
0000A282 20
00000800 20
00010000 20
00000014 20
0000A282 21
00000800 21
00010000 21
00000014 21
0000A283 20
00080000 20
00010000 20
00000014 20
0000A283 21
00080000 21
00010000 21
00000014 21
0000A2A0 20
00000000 20
10010000 20
00000014 20
0000A2A0 21
00000000 21
10010000 21
00000014 21
0000A2A1 20
00000010 20
00010000 20
00000014 20
0000A2A1 21
00000010 21
00010000 21
00000014 21
0000A2A2 20
00001000 20
00010000 20
00000014 20
0000A2A2 21
00001000 21
00010000 21
00000014 21
0000A2A3 20
00100000 20
00010000 20
00000014 20
0000A2A3 21
00100000 21
00010000 21
00000014 21
0000A2C0 20
00000000 20
20010000 20
00000014 20
0000A2C0 21
00000000 21
20010000 21
00000014 21
0000A2C1 20
00000020 20
00010000 20
00000014 20
0000A2C1 21
00000020 21
00010000 21
00000014 21
0000A2C2 20
00002000 20
00010000 20
00000014 20
0000A2C2 21
00002000 21
00010000 21
00000014 21
0000A2C3 20
00200000 20
00010000 20
00000014 20
0000A2C3 21
00200000 21
00010000 21
00000014 21
0000A2E0 20
00000000 20
40010000 20
00000014 20
0000A2E0 21
00000000 21
40010000 21
00000014 21
0000A2E1 20
00000040 20
00010000 20
00000014 20
0000A2E1 21
00000040 21
00010000 21
00000014 21
0000A2E2 20
00004000 20
00010000 20
00000014 20
0000A2E2 21
00004000 21
00010000 21
00000014 21
0000A2E3 20
00400000 20
00010000 20
00000014 20
0000A2E3 21
00400000 21
00010000 21
00000014 21
0000A300 20
00000000 20
80010000 20
00000014 20
0000A300 21
00000000 21
80010000 21
00000014 21
0000A301 20
00000080 20
00010000 20
00000014 20
0000A301 21
00000080 21
00010000 21
00000014 21
0000A302 20
00008000 20
00010000 20
00000014 20
0000A302 21
00008000 21
00010000 21
00000014 21
0000A303 20
00800000 20
00010000 20
00000014 20
0000A303 21
00800000 21
00010000 21
00000014 21
0000A320 20
00000000 20
01000000 20
0000001C 20
0000A320 21
00000000 21
01000000 21
0000001C 21
0000A321 20
00000001 20
00000000 20
0000001C 20
0000A321 21
00000001 21
00000000 21
0000001C 21
0000A322 20
00000100 20
00000000 20
0000001C 20
0000A322 21
00000100 21
00000000 21
0000001C 21
0000A323 20
00010000 20
00000000 20
0000001C 20
0000A323 21
00010000 21
00000000 21
0000001C 21
0000A340 20
00000000 20
02000000 20
0000001C 20
0000A340 21
00000000 21
02000000 21
0000001C 21
0000A341 20
00000002 20
00000000 20
0000001C 20
0000A341 21
00000002 21
00000000 21
0000001C 21
0000A342 20
00000200 20
00000000 20
0000001C 20
0000A342 21
00000200 21
00000000 21
0000001C 21
0000A343 20
00020000 20
00000000 20
0000001C 20
0000A343 21
00020000 21
00000000 21
0000001C 21
0000A360 20
00000000 20
04000000 20
0000001C 20
0000A360 21
00000000 21
04000000 21
0000001C 21
0000A361 20
00000004 20
00000000 20
0000001C 20
0000A361 21
00000004 21
00000000 21
0000001C 21
0000A362 20
00000400 20
00000000 20
0000001C 20
0000A362 21
00000400 21
00000000 21
0000001C 21
0000A363 20
00040000 20
00000000 20
0000001C 20
0000A363 21
00040000 21
00000000 21
0000001C 21
0000A380 20
00000000 20
08000000 20
0000001C 20
0000A380 21
00000000 21
08000000 21
0000001C 21
0000A381 20
00000008 20
00000000 20
0000001C 20
0000A381 21
00000008 21
00000000 21
0000001C 21
0000A382 20
00000800 20
00000000 20
0000001C 20
0000A382 21
00000800 21
00000000 21
0000001C 21
0000A383 20
00080000 20
00000000 20
0000001C 20
0000A383 21
00080000 21
00000000 21
0000001C 21
0000A3A0 20
00000000 20
10000000 20
0000001C 20
0000A3A0 21
00000000 21
10000000 21
0000001C 21
0000A3A1 20
00000010 20
00000000 20
0000001C 20
0000A3A1 21
00000010 21
00000000 21
0000001C 21
0000A3A2 20
00001000 20
00000000 20
0000001C 20
0000A3A2 21
00001000 21
00000000 21
0000001C 21
0000A3A3 20
00100000 20
00000000 20
0000001C 20
0000A3A3 21
00100000 21
00000000 21
0000001C 21
0000A3C0 20
00000000 20
20000000 20
0000001C 20
0000A3C0 21
00000000 21
20000000 21
0000001C 21
0000A3C1 20
00000020 20
00000000 20
0000001C 20
0000A3C1 21
00000020 21
00000000 21
0000001C 21
0000A3C2 20
00002000 20
00000000 20
0000001C 20
0000A3C2 21
00002000 21
00000000 21
0000001C 21
0000A3C3 20
00200000 20
00000000 20
0000001C 20
0000A3C3 21
00200000 21
00000000 21
0000001C 21
0000A3E0 20
00000000 20
40000000 20
0000001C 20
0000A3E0 21
00000000 21
40000000 21
0000001C 21
0000A3E1 20
00000040 20
00000000 20
0000001C 20
0000A3E1 21
00000040 21
00000000 21
0000001C 21
0000A3E2 20
00004000 20
00000000 20
0000001C 20
0000A3E2 21
00004000 21
00000000 21
0000001C 21
0000A3E3 20
00400000 20
00000000 20
0000001C 20
0000A3E3 21
00400000 21
00000000 21
0000001C 21
0000A400 20
00000000 20
80000000 20
0000001C 20
0000A400 21
00000000 21
80000000 21
0000001C 21
0000A401 20
00000080 20
00000000 20
0000001C 20
0000A401 21
00000080 21
00000000 21
0000001C 21
0000A402 20
00008000 20
00000000 20
0000001C 20
0000A402 21
00008000 21
00000000 21
0000001C 21
0000A403 20
00800000 20
00000000 20
0000001C 20
0000A403 21
00800000 21
00000000 21
0000001C 21
0000A420 20
00000000 20
01010000 20
00000024 20
0000A420 21
00000000 21
01010000 21
00000024 21
0000A421 20
00000001 20
00010000 20
00000024 20
0000A421 21
00000001 21
00010000 21
00000024 21
0000A422 20
00000100 20
00010000 20
00000024 20
0000A422 21
00000100 21
00010000 21
00000024 21
0000A423 20
00010000 20
00010000 20
00000024 20
0000A423 21
00010000 21
00010000 21
00000024 21
0000A440 20
00000000 20
02010000 20
00000024 20
0000A440 21
00000000 21
02010000 21
00000024 21
0000A441 20
00000002 20
00010000 20
00000024 20
0000A441 21
00000002 21
00010000 21
00000024 21
0000A442 20
00000200 20
00010000 20
00000024 20
0000A442 21
00000200 21
00010000 21
00000024 21
0000A443 20
00020000 20
00010000 20
00000024 20
0000A443 21
00020000 21
00010000 21
00000024 21
0000A460 20
00000000 20
04010000 20
00000024 20
0000A460 21
00000000 21
04010000 21
00000024 21
0000A461 20
00000004 20
00010000 20
00000024 20
0000A461 21
00000004 21
00010000 21
00000024 21
0000A462 20
00000400 20
00010000 20
00000024 20
0000A462 21
00000400 21
00010000 21
00000024 21
0000A463 20
00040000 20
00010000 20
00000024 20
0000A463 21
00040000 21
00010000 21
00000024 21
0000A480 20
00000000 20
08010000 20
00000024 20
0000A480 21
00000000 21
08010000 21
00000024 21
0000A481 20
00000008 20
00010000 20
00000024 20
0000A481 21
00000008 21
00010000 21
00000024 21
0000A482 20
00000800 20
00010000 20
00000024 20
0000A482 21
00000800 21
00010000 21
00000024 21
0000A483 20
00080000 20
00010000 20
00000024 20
0000A483 21
00080000 21
00010000 21
00000024 21
0000A4A0 20
00000000 20
10010000 20
00000024 20
0000A4A0 21
00000000 21
10010000 21
00000024 21
0000A4A1 20
00000010 20
00010000 20
00000024 20
0000A4A1 21
00000010 21
00010000 21
00000024 21
0000A4A2 20
00001000 20
00010000 20
00000024 20
0000A4A2 21
00001000 21
00010000 21
00000024 21
0000A4A3 20
00100000 20
00010000 20
00000024 20
0000A4A3 21
00100000 21
00010000 21
00000024 21
0000A4C0 20
00000000 20
20010000 20
00000024 20
0000A4C0 21
00000000 21
20010000 21
00000024 21
0000A4C1 20
00000020 20
00010000 20
00000024 20
0000A4C1 21
00000020 21
00010000 21
00000024 21
0000A4C2 20
00002000 20
00010000 20
00000024 20
0000A4C2 21
00002000 21
00010000 21
00000024 21
0000A4C3 20
00200000 20
00010000 20
00000024 20
0000A4C3 21
00200000 21
00010000 21
00000024 21
0000A4E0 20
00000000 20
40010000 20
00000024 20
0000A4E0 21
00000000 21
40010000 21
00000024 21
0000A4E1 20
00000040 20
00010000 20
00000024 20
0000A4E1 21
00000040 21
00010000 21
00000024 21
0000A4E2 20
00004000 20
00010000 20
00000024 20
0000A4E2 21
00004000 21
00010000 21
00000024 21
0000A4E3 20
00400000 20
00010000 20
00000024 20
0000A4E3 21
00400000 21
00010000 21
00000024 21
0000A500 20
00000000 20
80010000 20
00000024 20
0000A500 21
00000000 21
80010000 21
00000024 21
0000A501 20
00000080 20
00010000 20
00000024 20
0000A501 21
00000080 21
00010000 21
00000024 21
0000A502 20
00008000 20
00010000 20
00000024 20
0000A502 21
00008000 21
00010000 21
00000024 21
0000A503 20
00800000 20
00010000 20
00000024 20
0000A503 21
00800000 21
00010000 21
00000024 21
0000A520 20
00000000 20
01000000 20
0000002C 20
0000A520 21
00000000 21
01000000 21
0000002C 21
0000A521 20
00000001 20
00000000 20
0000002C 20
0000A521 21
00000001 21
00000000 21
0000002C 21
0000A522 20
00000100 20
00000000 20
0000002C 20
0000A522 21
00000100 21
00000000 21
0000002C 21
0000A523 20
00010000 20
00000000 20
0000002C 20
0000A523 21
00010000 21
00000000 21
0000002C 21
0000A540 20
00000000 20
02000000 20
0000002C 20
0000A540 21
00000000 21
02000000 21
0000002C 21
0000A541 20
00000002 20
00000000 20
0000002C 20
0000A541 21
00000002 21
00000000 21
0000002C 21
0000A542 20
00000200 20
00000000 20
0000002C 20
0000A542 21
00000200 21
00000000 21
0000002C 21
0000A543 20
00020000 20
00000000 20
0000002C 20
0000A543 21
00020000 21
00000000 21
0000002C 21
0000A560 20
00000000 20
04000000 20
0000002C 20
0000A560 21
00000000 21
04000000 21
0000002C 21
0000A561 20
00000004 20
00000000 20
0000002C 20
0000A561 21
00000004 21
00000000 21
0000002C 21
0000A562 20
00000400 20
00000000 20
0000002C 20
0000A562 21
00000400 21
00000000 21
0000002C 21
0000A563 20
00040000 20
00000000 20
0000002C 20
0000A563 21
00040000 21
00000000 21
0000002C 21
0000A580 20
00000000 20
08000000 20
0000002C 20
0000A580 21
00000000 21
08000000 21
0000002C 21
0000A581 20
00000008 20
00000000 20
0000002C 20
0000A581 21
00000008 21
00000000 21
0000002C 21
0000A582 20
00000800 20
00000000 20
0000002C 20
0000A582 21
00000800 21
00000000 21
0000002C 21
0000A583 20
00080000 20
00000000 20
0000002C 20
0000A583 21
00080000 21
00000000 21
0000002C 21
0000A5A0 20
00000000 20
10000000 20
0000002C 20
0000A5A0 21
00000000 21
10000000 21
0000002C 21
0000A5A1 20
00000010 20
00000000 20
0000002C 20
0000A5A1 21
00000010 21
00000000 21
0000002C 21
0000A5A2 20
00001000 20
00000000 20
0000002C 20
0000A5A2 21
00001000 21
00000000 21
0000002C 21
0000A5A3 20
00100000 20
00000000 20
0000002C 20
0000A5A3 21
00100000 21
00000000 21
0000002C 21
0000A5C0 20
00000000 20
20000000 20
0000002C 20
0000A5C0 21
00000000 21
20000000 21
0000002C 21
0000A5C1 20
00000020 20
00000000 20
0000002C 20
0000A5C1 21
00000020 21
00000000 21
0000002C 21
0000A5C2 20
00002000 20
00000000 20
0000002C 20
0000A5C2 21
00002000 21
00000000 21
0000002C 21
0000A5C3 20
00200000 20
00000000 20
0000002C 20
0000A5C3 21
00200000 21
00000000 21
0000002C 21
0000A5E0 20
00000000 20
40000000 20
0000002C 20
0000A5E0 21
00000000 21
40000000 21
0000002C 21
0000A5E1 20
00000040 20
00000000 20
0000002C 20
0000A5E1 21
00000040 21
00000000 21
0000002C 21
0000A5E2 20
00004000 20
00000000 20
0000002C 20
0000A5E2 21
00004000 21
00000000 21
0000002C 21
0000A5E3 20
00400000 20
00000000 20
0000002C 20
0000A5E3 21
00400000 21
00000000 21
0000002C 21
0000A600 20
00000000 20
80000000 20
0000002C 20
0000A600 21
00000000 21
80000000 21
0000002C 21
0000A601 20
00000080 20
00000000 20
0000002C 20
0000A601 21
00000080 21
00000000 21
0000002C 21
0000A602 20
00008000 20
00000000 20
0000002C 20
0000A602 21
00008000 21
00000000 21
0000002C 21
0000A603 20
00800000 20
00000000 20
0000002C 20
0000A603 21
00800000 21
00000000 21
0000002C 21
0000A620 20
00000000 20
01000000 20
00000034 20
0000A620 21
00000000 21
01000000 21
00000034 21
0000A621 20
00000001 20
00000000 20
00000034 20
0000A621 21
00000001 21
00000000 21
00000034 21
0000A622 20
00000100 20
00000000 20
00000034 20
0000A622 21
00000100 21
00000000 21
00000034 21
0000A623 20
00010000 20
00000000 20
00000034 20
0000A623 21
00010000 21
00000000 21
00000034 21
0000A640 20
00000000 20
02000000 20
00000034 20
0000A640 21
00000000 21
02000000 21
00000034 21
0000A641 20
00000002 20
00000000 20
00000034 20
0000A641 21
00000002 21
00000000 21
00000034 21
0000A642 20
00000200 20
00000000 20
00000034 20
0000A642 21
00000200 21
00000000 21
00000034 21
0000A643 20
00020000 20
00000000 20
00000034 20
0000A643 21
00020000 21
00000000 21
00000034 21
0000A660 20
00000000 20
04000000 20
00000034 20
0000A660 21
00000000 21
04000000 21
00000034 21
0000A661 20
00000004 20
00000000 20
00000034 20
0000A661 21
00000004 21
00000000 21
00000034 21
0000A662 20
00000400 20
00000000 20
00000034 20
0000A662 21
00000400 21
00000000 21
00000034 21
0000A663 20
00040000 20
00000000 20
00000034 20
0000A663 21
00040000 21
00000000 21
00000034 21
0000A680 20
00000000 20
08000000 20
00000034 20
0000A680 21
00000000 21
08000000 21
00000034 21
0000A681 20
00000008 20
00000000 20
00000034 20
0000A681 21
00000008 21
00000000 21
00000034 21
0000A682 20
00000800 20
00000000 20
00000034 20
0000A682 21
00000800 21
00000000 21
00000034 21
0000A683 20
00080000 20
00000000 20
00000034 20
0000A683 21
00080000 21
00000000 21
00000034 21
0000A6A0 20
00000000 20
10000000 20
00000034 20
0000A6A0 21
00000000 21
10000000 21
00000034 21
0000A6A1 20
00000010 20
00000000 20
00000034 20
0000A6A1 21
00000010 21
00000000 21
00000034 21
0000A6A2 20
00001000 20
00000000 20
00000034 20
0000A6A2 21
00001000 21
00000000 21
00000034 21
0000A6A3 20
00100000 20
00000000 20
00000034 20
0000A6A3 21
00100000 21
00000000 21
00000034 21
0000A6C0 20
00000000 20
20000000 20
00000034 20
0000A6C0 21
00000000 21
20000000 21
00000034 21
0000A6C1 20
00000020 20
00000000 20
00000034 20
0000A6C1 21
00000020 21
00000000 21
00000034 21
0000A6C2 20
00002000 20
00000000 20
00000034 20
0000A6C2 21
00002000 21
00000000 21
00000034 21
0000A6C3 20
00200000 20
00000000 20
00000034 20
0000A6C3 21
00200000 21
00000000 21
00000034 21
0000A6E0 20
00000000 20
40000000 20
00000034 20
0000A6E0 21
00000000 21
40000000 21
00000034 21
0000A6E1 20
00000040 20
00000000 20
00000034 20
0000A6E1 21
00000040 21
00000000 21
00000034 21
0000A6E2 20
00004000 20
00000000 20
00000034 20
0000A6E2 21
00004000 21
00000000 21
00000034 21
0000A6E3 20
00400000 20
00000000 20
00000034 20
0000A6E3 21
00400000 21
00000000 21
00000034 21
0000A700 20
00000000 20
80000000 20
00000034 20
0000A700 21
00000000 21
80000000 21
00000034 21
0000A701 20
00000080 20
00000000 20
00000034 20
0000A701 21
00000080 21
00000000 21
00000034 21
0000A702 20
00008000 20
00000000 20
00000034 20
0000A702 21
00008000 21
00000000 21
00000034 21
0000A703 20
00800000 20
00000000 20
00000034 20
0000A703 21
00800000 21
00000000 21
00000034 21
0000A720 20
00000000 20
01010000 20
0000003C 20
0000A720 21
00000000 21
01010000 21
0000003C 21
0000A721 20
00000001 20
00010000 20
0000003C 20
0000A721 21
00000001 21
00010000 21
0000003C 21
0000A722 20
00000100 20
00010000 20
0000003C 20
0000A722 21
00000100 21
00010000 21
0000003C 21
0000A723 20
00010000 20
00010000 20
0000003C 20
0000A723 21
00010000 21
00010000 21
0000003C 21
0000A740 20
00000000 20
02010000 20
0000003C 20
0000A740 21
00000000 21
02010000 21
0000003C 21
0000A741 20
00000002 20
00010000 20
0000003C 20
0000A741 21
00000002 21
00010000 21
0000003C 21
0000A742 20
00000200 20
00010000 20
0000003C 20
0000A742 21
00000200 21
00010000 21
0000003C 21
0000A743 20
00020000 20
00010000 20
0000003C 20
0000A743 21
00020000 21
00010000 21
0000003C 21
0000A760 20
00000000 20
04010000 20
0000003C 20
0000A760 21
00000000 21
04010000 21
0000003C 21
0000A761 20
00000004 20
00010000 20
0000003C 20
0000A761 21
00000004 21
00010000 21
0000003C 21
0000A762 20
00000400 20
00010000 20
0000003C 20
0000A762 21
00000400 21
00010000 21
0000003C 21
0000A763 20
00040000 20
00010000 20
0000003C 20
0000A763 21
00040000 21
00010000 21
0000003C 21
0000A780 20
00000000 20
08010000 20
0000003C 20
0000A780 21
00000000 21
08010000 21
0000003C 21
0000A781 20
00000008 20
00010000 20
0000003C 20
0000A781 21
00000008 21
00010000 21
0000003C 21
0000A782 20
00000800 20
00010000 20
0000003C 20
0000A782 21
00000800 21
00010000 21
0000003C 21
0000A783 20
00080000 20
00010000 20
0000003C 20
0000A783 21
00080000 21
00010000 21
0000003C 21
0000A7A0 20
00000000 20
10010000 20
0000003C 20
0000A7A0 21
00000000 21
10010000 21
0000003C 21
0000A7A1 20
00000010 20
00010000 20
0000003C 20
0000A7A1 21
00000010 21
00010000 21
0000003C 21
0000A7A2 20
00001000 20
00010000 20
0000003C 20
0000A7A2 21
00001000 21
00010000 21
0000003C 21
0000A7A3 20
00100000 20
00010000 20
0000003C 20
0000A7A3 21
00100000 21
00010000 21
0000003C 21
0000A7C0 20
00000000 20
20010000 20
0000003C 20
0000A7C0 21
00000000 21
20010000 21
0000003C 21
0000A7C1 20
00000020 20
00010000 20
0000003C 20
0000A7C1 21
00000020 21
00010000 21
0000003C 21
0000A7C2 20
00002000 20
00010000 20
0000003C 20
0000A7C2 21
00002000 21
00010000 21
0000003C 21
0000A7C3 20
00200000 20
00010000 20
0000003C 20
0000A7C3 21
00200000 21
00010000 21
0000003C 21
0000A7E0 20
00000000 20
40010000 20
0000003C 20
0000A7E0 21
00000000 21
40010000 21
0000003C 21
0000A7E1 20
00000040 20
00010000 20
0000003C 20
0000A7E1 21
00000040 21
00010000 21
0000003C 21
0000A7E2 20
00004000 20
00010000 20
0000003C 20
0000A7E2 21
00004000 21
00010000 21
0000003C 21
0000A7E3 20
00400000 20
00010000 20
0000003C 20
0000A7E3 21
00400000 21
00010000 21
0000003C 21
0000A800 20
00000000 20
80010000 20
0000003C 20
0000A800 21
00000000 21
80010000 21
0000003C 21
0000A801 20
00000080 20
00010000 20
0000003C 20
0000A801 21
00000080 21
00010000 21
0000003C 21
0000A802 20
00008000 20
00010000 20
0000003C 20
0000A802 21
00008000 21
00010000 21
0000003C 21
0000A803 20
00800000 20
00010000 20
0000003C 20
0000A803 21
00800000 21
00010000 21
0000003C 21
00000001 01